{'reflen': 978518, 'correct': [370512, 233564, 189315, 162660], 'testlen': 839661, 'guess': [839661, 784025, 728389, 676679]}
ratio: 0.858094587938085
############################
F1: 1.0
Semantic_Similarity: 0.8043233049127146
bleu_1: 0.3740053794365511
bleu_2: 0.30730292725507086
bleu_3: 0.2750288152551844
bleu_4: 0.2551543952883581
rouge_l: 0.37745610188056566
############################
