{'testlen': 790917, 'correct': [341356, 208910, 167102, 142477], 'reflen': 978518, 'guess': [790917, 735281, 679645, 627561]}
ratio: 0.8082804812992701
############################
F1: 0.7099643333397139
Semantic_Similarity: 0.7925003567490733
bleu_1: 0.3404587161462244
bleu_2: 0.2762352417616103
bleu_3: 0.2455171528473577
bleu_4: 0.22689793319598484
rouge_l: 0.3548318978168831
############################
{'guess': [836791, 781155, 725519, 673108], 'correct': [372117, 240374, 195678, 167760], 'testlen': 836791, 'reflen': 978518}
ratio: 0.8551615810848642
############################
F1: 0.7099643333397139
Semantic_Similarity: 0.8014767832337615
bleu_1: 0.37541031851577616
bleu_2: 0.3122842541585883
bleu_3: 0.2810686190186299
bleu_4: 0.2614394432085639
rouge_l: 0.37843874836753133
############################
