{'testlen': 914458, 'reflen': 978518, 'guess': [914458, 858822, 808326, 765153], 'correct': [347224, 228541, 198611, 181012]}
ratio: 0.9345336519103369
############################
F1: 0.7099643333397139
Semantic_Similarity: 0.7269365245192859
bleu_1: 0.35401575552166764
bleu_2: 0.29636716505632243
bleu_3: 0.27198889964704537
bleu_4: 0.25810553031603045
rouge_l: 0.32417345051245283
############################
